proportionAIAN,proportionAsian,proportionBlack,proportionNHPI,proportionTwoOrMore,proportionWhite,parent.id
0.003375768,0.004189206,0.27660959,0.000203359,0.01390979,0.701712287,Abbeville_SouthCarolina_UnitedStates
0.003873726,0.003134343,0.181824027,0.000305397,0.015768155,0.795094352,Acadia_Louisiana_UnitedStates
0.006936558,0.007980111,0.285994905,0.001596022,0.017433473,0.68005893,Accomack_Virginia_UnitedStates
0.008042426,0.02722052,0.013533462,0.002278332,0.029116997,0.919808262,Ada_Idaho_UnitedStates
0.002544529,0.005089059,0.004947696,0.000424088,0.009612666,0.977381962,Adair_Iowa_UnitedStates
0.002812646,0.003854367,0.029532788,0.000416688,0.014063232,0.949320277,Adair_Kentucky_UnitedStates
0.003414979,0.025278694,0.031990893,0.000667295,0.019508557,0.919139582,Adair_Missouri_UnitedStates
0.460448164,0.007964363,0.00611951,0.000719942,0.102816775,0.421931246,Adair_Oklahoma_UnitedStates
0.022741584,0.044286346,0.039068825,0.002155063,0.03155935,0.860188832,Adams_Colorado_UnitedStates
0.01511573,0.008266415,0.003542749,0.004251299,0.024090694,0.944733113,Adams_Idaho_UnitedStates
0.002788656,0.009021227,0.038538317,0.000289533,0.020023467,0.929338799,Adams_Illinois_UnitedStates
0.003146509,0.003680292,0.005927799,0.000477595,0.009018121,0.977749684,Adams_Indiana_UnitedStates
0.00521405,0.00740944,0.003567508,0.000274424,0.007135016,0.976399561,Adams_Iowa_UnitedStates
0.0052184,0.005572735,0.534660482,0.000257699,0.010469012,0.443821672,Adams_Mississippi_UnitedStates
0.012978359,0.013263946,0.012629308,0.001047154,0.012724503,0.94735673,Adams_Nebraska_UnitedStates
0.007029877,0.02943761,0.008347979,0.000439367,0.018453427,0.93629174,Adams_NorthDakota_UnitedStates
0.005560771,0.003466455,0.004874702,0.000144436,0.014696324,0.971257312,Adams_Ohio_UnitedStates
0.003997594,0.008412412,0.02002678,0.000456036,0.015010382,0.952096796,Adams_Pennsylvania_UnitedStates
0.062880016,0.013731253,0.019862181,0.001165383,0.015960681,0.886400486,Adams_Washington_UnitedStates
0.011995477,0.00658768,0.032446782,0.000393294,0.013273684,0.935303082,Adams_Wisconsin_UnitedStates
0.002793372,0.018333198,0.013207496,0.000433922,0.019851924,0.945380088,Addison_Vermont_UnitedStates
0.005559195,0.011785257,0.252459442,0.000649163,0.020897143,0.7086498,Aiken_SouthCarolina_UnitedStates
0.02631082,0.003210172,0.004594952,0.000314723,0.015799081,0.949770252,Aitkin_Minnesota_UnitedStates
0.003600507,0.061130515,0.206865513,0.000788541,0.028837535,0.69877739,Alachua_Florida_UnitedStates
0.014239043,0.017319865,0.206571219,0.000816748,0.022004156,0.739048969,Alamance_NorthCarolina_UnitedStates
0.010708826,0.31679442,0.111496824,0.009495091,0.05335034,0.498154499,Alameda_California_UnitedStates
0.053975874,0.015694239,0.019387001,0.002400295,0.032804037,0.875738552,Alamosa_Colorado_UnitedStates
0.002961658,0.067446222,0.140633103,0.000652348,0.028442357,0.759864312,Albany_NewYork_UnitedStates
0.012161743,0.037776286,0.019417476,0.001136129,0.025511258,0.903997108,Albany_Wyoming_UnitedStates
0.003810772,0.054264281,0.097133156,0.000895024,0.025595837,0.818300931,Albemarle_Virginia_UnitedStates
0.007046332,0.003764479,0.00472973,0.000675676,0.011872587,0.971911197,Alcona_Michigan_UnitedStates
0.003884814,0.003830481,0.123852214,0.000353165,0.012415105,0.855664222,Alcorn_Mississippi_UnitedStates
0.208836524,0.429749632,0.103092784,0.012076583,0.038291605,0.207952872,AleutiansEast_Alaska_UnitedStates
0.120744681,0.403191489,0.068794326,0.024113475,0.042907801,0.340248227,AleutiansWest_Alaska_UnitedStates
0.004634994,0.002648568,0.322959775,0.001655355,0.022678365,0.645422943,Alexander_Illinois_UnitedStates
0.005277116,0.010125633,0.059066192,0.000482173,0.01682248,0.908226407,Alexander_NorthCarolina_UnitedStates
0.006330586,0.066141109,0.227819374,0.001483633,0.032325595,0.665899704,Alexandria_Virginia_UnitedStates
0.043538595,0.003816132,0.044579358,0.001387684,0.030355594,0.876322637,Alfalfa_Oklahoma_UnitedStates
0.044198289,0.0044966,0.072822987,0.000109673,0.030927835,0.847444615,Alger_Michigan_UnitedStates
0.007652325,0.004620271,0.017903552,0.002526711,0.0078689,0.959428241,Allamakee_Iowa_UnitedStates
0.007339575,0.008406373,0.015635001,0.00034991,0.019134101,0.94913504,Allegan_Michigan_UnitedStates
0.002086241,0.01126288,0.081645311,0.000620234,0.020707348,0.883677986,Allegany_Maryland_UnitedStates
0.003172753,0.012410429,0.014180264,0.000410084,0.013532764,0.956293706,Allegany_NewYork_UnitedStates
0.005027833,0.008080445,0.018585024,0.000448914,0.015352846,0.952504938,Alleghany_NorthCarolina_UnitedStates
0.002802616,0.002869345,0.046443347,0.000800747,0.019351395,0.92773255,Alleghany_Virginia_UnitedStates
0.001597002,0.040276649,0.134593409,0.000362283,0.022334202,0.800836454,Allegheny_Pennsylvania_UnitedStates
0.004732336,0.042940287,0.119977391,0.001034449,0.031460039,0.799855497,Allen_Indiana_UnitedStates
0.009679226,0.010079194,0.020558355,0.000319974,0.031117511,0.92824574,Allen_Kansas_UnitedStates
0.003266736,0.002698608,0.012214752,0.000142032,0.014108512,0.967569359,Allen_Kentucky_UnitedStates
0.0233113,0.006688309,0.226463801,0.000352016,0.018969766,0.724214808,Allen_Louisiana_UnitedStates
0.002900949,0.007807252,0.126356778,0.000233633,0.030343149,0.832358238,Allen_Ohio_UnitedStates
0.003697893,0.007844016,0.733415509,0.000448229,0.009412819,0.245181533,Allendale_SouthCarolina_UnitedStates
0.006341601,0.005883596,0.00567221,0.00063416,0.013211669,0.968256764,Alpena_Michigan_UnitedStates
0.236914601,0.02020202,0.000918274,0,0.044077135,0.697887971,Alpine_California_UnitedStates
0.023271158,0.016571501,0.026925517,0.002588504,0.03286385,0.89777947,Amador_California_UnitedStates
0.005820633,0.00589722,0.205100712,0.000459524,0.018457532,0.764264379,Amelia_Virginia_UnitedStates
0.008995076,0.005397046,0.190506249,0.000441863,0.024018432,0.770641333,Amherst_Virginia_UnitedStates
0.003569401,0.001460209,0.404802466,0.000243368,0.008031151,0.581893405,Amite_Mississippi_UnitedStates
0.089225908,0.099097828,0.060931912,0.02741282,0.082844269,0.640487263,Anchorage_Alaska_UnitedStates
0.006880734,0.006753313,0.006243629,0.000127421,0.016309888,0.963685015,Anderson_Kansas_UnitedStates
0.002429221,0.00755267,0.021156309,0.000397509,0.016474537,0.951989753,Anderson_Kentucky_UnitedStates
0.00337008,0.010080283,0.162832265,0.000444351,0.017254808,0.806018213,Anderson_SouthCarolina_UnitedStates
0.004601046,0.014786268,0.040046142,0.00065542,0.022310485,0.91760064,Anderson_Tennessee_UnitedStates
0.007037638,0.009193777,0.218287508,0.001569669,0.017076621,0.746834788,Anderson_Texas_UnitedStates
0.003963311,0.005831729,0.010814177,0.000339712,0.014551013,0.964500057,Andrew_Missouri_UnitedStates
0.015268447,0.007884071,0.019154961,0.000222087,0.015435012,0.942035423,Andrews_Texas_UnitedStates
0.00424412,0.008933039,0.043831199,0.000370666,0.023629928,0.918991048,Androscoggin_Maine_UnitedStates
0.007533694,0.010620896,0.15488999,0.000691165,0.01385785,0.812406405,Angelina_Texas_UnitedStates
0.004413377,0.04141798,0.177921647,0.00121281,0.03229758,0.742736607,AnneArundel_Maryland_UnitedStates
0.008649251,0.047249753,0.069250596,0.000616793,0.028474342,0.845759264,Anoka_Minnesota_UnitedStates
0.009154066,0.014221496,0.483612587,0.000694728,0.015120556,0.477196567,Anson_NorthCarolina_UnitedStates
0.005231452,0.004755866,0.003963221,0,0.007292327,0.978757134,Antelope_Nebraska_UnitedStates
0.011705184,0.003044205,0.003387214,0.000643142,0.014663637,0.966556618,Antrim_Michigan_UnitedStates
0.750540213,0.004739931,0.005423039,0.000418229,0.015920592,0.222957996,Apache_Arizona_UnitedStates
0.003144908,0.006531731,0.008305782,0.000645109,0.01443432,0.96693815,Appanoose_Iowa_UnitedStates
0.005505776,0.007826838,0.195293102,0.002051171,0.015275829,0.774047285,Appling_Georgia_UnitedStates
0.003211385,0.003715131,0.188464203,0.000440778,0.021157358,0.783011145,Appomattox_Virginia_UnitedStates
0.01245415,0.019619551,0.016975177,0.000938326,0.018254713,0.931758082,Aransas_Texas_UnitedStates
0.011518924,0.064515486,0.113843727,0.002870526,0.039774654,0.767476684,Arapahoe_Colorado_UnitedStates
0.014712644,0.005057471,0.011724138,0.000344828,0.015517241,0.952643678,Archer_Texas_UnitedStates
0.034595776,0.010997815,0.007647487,0.001310998,0.02425346,0.921194465,Archuleta_Colorado_UnitedStates
0.012326759,0.003198294,0.00473081,0.00059968,0.016191365,0.962953092,Arenac_Michigan_UnitedStates
0.00366693,0.00812366,0.248899921,0.0003949,0.018955207,0.719959382,Arkansas_Arkansas_UnitedStates
0.006490838,0.108840165,0.096155068,0.001296473,0.034898845,0.75231861,Arlington_Virginia_UnitedStates
0.001468968,0.002907333,0.009211654,0.000122414,0.009609499,0.976680132,Armstrong_Pennsylvania_UnitedStates
0.014901543,0.002128792,0.01064396,0,0.008515168,0.963810538,Armstrong_Texas_UnitedStates
0.019147925,0.004946671,0.010992602,0.000371372,0.014602335,0.949939095,Aroostook_Maine_UnitedStates
0.004329004,0.002164502,0,0,0.021645022,0.971861472,Arthur_Nebraska_UnitedStates
0.004661295,0.013999904,0.235403418,0.000848964,0.013879767,0.731206651,Ascension_Louisiana_UnitedStates
0.004206797,0.005203144,0.009520647,0.000553526,0.011402635,0.969113251,Ashe_NorthCarolina_UnitedStates
0.002606785,0.006852121,0.008192753,0.000744796,0.013499423,0.968104122,Ashland_Ohio_UnitedStates
0.116635658,0.005260794,0.004747546,0.00032078,0.034131007,0.838904215,Ashland_Wisconsin_UnitedStates
0.007095743,0.002498501,0.247951229,0.0009994,0.014241455,0.727213672,Ashley_Arkansas_UnitedStates
0.003258631,0.004969924,0.038171068,0.000440632,0.02283091,0.930328835,Ashtabula_Ohio_UnitedStates
0.01861514,0.009948709,0.007693668,0.002166608,0.029138663,0.932437213,Asotin_Washington_UnitedStates
0.007585619,0.004264105,0.296512411,0.00067328,0.011041788,0.679922797,Assumption_Louisiana_UnitedStates
0.012976432,0.006140455,0.012578991,0.001291682,0.010989229,0.956023211,Atascosa_Texas_UnitedStates
0.006986954,0.006121313,0.049897978,0.000494652,0.026525691,0.909973412,Atchison_Kansas_UnitedStates
0.004051708,0.003665831,0.005209338,0.000578815,0.011769246,0.974725063,Atchison_Missouri_UnitedStates
0.00355622,0.032631756,0.028465025,0.000488408,0.02382515,0.911033441,Athens_Ohio_UnitedStates
0.014887436,0.009561849,0.170781893,0.010409102,0.022754781,0.771604938,Atkinson_Georgia_UnitedStates
0.006583608,0.080806397,0.171098038,0.000863672,0.026902636,0.713745648,Atlantic_NewJersey_UnitedStates
0.145342515,0.007393983,0.039579558,0.00036245,0.077781805,0.729539688,Atoka_Oklahoma_UnitedStates
0.003382802,0.004201222,0.432725884,0.000218245,0.007911392,0.551560454,Attala_Mississippi_UnitedStates
0.005664162,0.005270818,0.068638634,0.000944027,0.019549227,0.899933131,Audrain_Missouri_UnitedStates
0.002558947,0.005483458,0.004935112,0.000182782,0.009870225,0.976969475,Audubon_Iowa_UnitedStates
0.002295785,0.006012769,0.006603114,0.000699668,0.011304006,0.97308466,Auglaize_Ohio_UnitedStates
0.002409479,0.006513537,0.045157874,0.000370689,0.015635136,0.929913285,Augusta_Virginia_UnitedStates
0.027289048,0.006822262,0.006463196,0,0.014362657,0.945062837,Aurora_SouthDakota_UnitedStates
0.008109461,0.008109461,0.092507926,0.000433839,0.015684966,0.875154347,Austin_Texas_UnitedStates
0.004771937,0.011866818,0.195433346,0.001098446,0.018529523,0.76829993,Autauga_Alabama_UnitedStates
0.006104518,0.005762209,0.046325879,0.000798722,0.010269283,0.930739388,Avery_NorthCarolina_UnitedStates
0.011831097,0.005470026,0.299069353,0.000693035,0.019256472,0.663680016,Avoyelles_Louisiana_UnitedStates
0.019810268,0.00390625,0.011160714,0,0.026227679,0.938895089,Baca_Colorado_UnitedStates
0.004132231,0.006737334,0.166007905,0.001796622,0.017157743,0.804168164,Bacon_Georgia_UnitedStates
0.032501782,0.008838204,0.0212402,0.001282965,0.011974341,0.924162509,Bailey_Texas_UnitedStates
0.004338165,0.006842309,0.140161535,0.000317427,0.018163863,0.830176701,Baker_Florida_UnitedStates
0.004860661,0.011017498,0.44588464,0.000648088,0.011665587,0.525923526,Baker_Georgia_UnitedStates
0.014656355,0.008669078,0.005987277,0.001372084,0.027691156,0.941624049,Baker_Oregon_UnitedStates
0.007578435,0.010506989,0.08934383,0.00065181,0.017814601,0.874104335,Baldwin_Alabama_UnitedStates
0.003341278,0.016817767,0.427015348,0.000824182,0.012808233,0.539193193,Baldwin_Georgia_UnitedStates
0.003128128,0.00513013,0.033783784,0.000125125,0.023273273,0.93455956,Ballard_Kentucky_UnitedStates
0.004422251,0.062844035,0.297789841,0.000744088,0.025928328,0.608271457,Baltimore_Maryland_UnitedStates
0.004581346,0.027059821,0.629438802,0.00089801,0.021431073,0.316590947,BaltimoreCity_Maryland_UnitedStates
0.004204036,0.00511491,0.603209081,0.000840807,0.011210762,0.375420404,Bamberg_SouthCarolina_UnitedStates
0.013030888,0.005528256,0.010705511,0.00043875,0.015707266,0.95458933,Bandera_Texas_UnitedStates
0.006483238,0.010963525,0.02835758,0.001106894,0.016023614,0.937065149,Banks_Georgia_UnitedStates
0.002758621,0,0.013793103,0,0.005517241,0.977931034,Banner_Nebraska_UnitedStates
0.037992939,0.016740891,0.010706786,0.002999746,0.024932506,0.906627132,Bannock_Idaho_UnitedStates
0.142239308,0.003483902,0.078567996,0,0.044209515,0.731499279,Baraga_Michigan_UnitedStates
0.01343785,0.005151176,0.009854423,0.000223964,0.019932811,0.951399776,Barber_Kansas_UnitedStates
0.006392731,0.004543261,0.484118688,0.001849469,0.012423609,0.490672242,Barbour_Alabama_UnitedStates
0.006186693,0.002729423,0.010311154,0.000242615,0.015042154,0.96548796,Barbour_WestVirginia_UnitedStates
0.011494253,0.009024413,0.016433932,0.000664957,0.016813907,0.945568538,Barnes_NorthDakota_UnitedStates
0.007598222,0.015664891,0.033419059,0.000637089,0.019187618,0.923493121,Barnstable_Massachusetts_UnitedStates
0.006249704,0.009043132,0.441124947,0.000236731,0.014677335,0.52866815,Barnwell_SouthCarolina_UnitedStates
0.003581548,0.008523178,0.041981186,0.001926782,0.017046356,0.92694095,Barren_Kentucky_UnitedStates
0.011229236,0.006998893,0.015238095,0.000221484,0.013842746,0.952469546,Barron_Wisconsin_UnitedStates
0.005183462,0.039166687,0.125368038,0.001002054,0.023987431,0.805292327,Barrow_Georgia_UnitedStates
0.005618069,0.0050138,0.00633666,0.000179648,0.015384364,0.967467459,Barry_Michigan_UnitedStates
0.013272849,0.020805332,0.005880376,0.001736111,0.018341174,0.939964158,Barry_Missouri_UnitedStates
0.004472813,0.079301758,0.023174004,0.000689055,0.016646116,0.875716254,Bartholomew_Indiana_UnitedStates
0.009517596,0.002686418,0.018574663,0.000652416,0.017269832,0.951299075,Barton_Kansas_UnitedStates
0.014673452,0.005089059,0.007124682,0.000593723,0.026547922,0.945971162,Barton_Missouri_UnitedStates
0.005706067,0.01047209,0.112664273,0.000940044,0.020436556,0.84978097,Bartow_Georgia_UnitedStates
0.019423754,0.009249957,0.073791789,0.001397309,0.020728679,0.875408511,Bastrop_Texas_UnitedStates
0.008280177,0.002453386,0.011898921,0.000490677,0.0187684,0.95810844,Bates_Missouri_UnitedStates
0.00265188,0.003857281,0.013982642,0.00112504,0.015348762,0.963034394,Bath_Kentucky_UnitedStates
0.002116153,0.004467435,0.048436398,0,0.014342817,0.930637197,Bath_Virginia_UnitedStates
0.007880069,0.004732846,0.003964059,0.000648664,0.01624063,0.966533731,Baxter_Arkansas_UnitedStates
0.008199098,0.022825387,0.117692225,0.001573239,0.033301117,0.816408935,Bay_Florida_UnitedStates
0.006634395,0.005997956,0.018668878,0.000144645,0.022362153,0.946191973,Bay_Michigan_UnitedStates
0.103820045,0.005257554,0.006721682,0.000266205,0.029548782,0.854385731,Bayfield_Wisconsin_UnitedStates
0.008396306,0.004757907,0.029107193,0.000839631,0.021550518,0.935348447,Baylor_Texas_UnitedStates
0.015686913,0.099440916,0.013949954,0.004016718,0.020626391,0.846279108,Beadle_SouthDakota_UnitedStates
0.009596294,0.00545996,0.003805427,0.000827267,0.011581734,0.968729318,BearLake_Idaho_UnitedStates
0.01066814,0.005461578,0.250361272,0.00065879,0.01549218,0.717358041,Beaufort_NorthCarolina_UnitedStates
0.004256761,0.013961541,0.181833584,0.001350092,0.01945721,0.779140812,Beaufort_SouthCarolina_UnitedStates
0.012336429,0.006101314,0.123284005,0.001177447,0.025368621,0.831732184,Beauregard_Louisiana_UnitedStates
0.022376833,0.003948853,0.012786762,0.000376081,0.027077849,0.933433622,Beaver_Oklahoma_UnitedStates
0.001798496,0.005632451,0.063785833,0.000388864,0.021417895,0.906976462,Beaver_Pennsylvania_UnitedStates
0.022037736,0.009207547,0.003169811,0.003924528,0.020226415,0.941433962,Beaver_Utah_UnitedStates
0.019337017,0.004887378,0.003824904,0.00478113,0.0219932,0.945176371,Beaverhead_Montana_UnitedStates
0.08156678,0.005176074,0.007066213,0.000378028,0.033208293,0.872604612,Becker_Minnesota_UnitedStates
0.03660221,0.010313076,0.042311234,0.000138122,0.02854512,0.882090239,Beckham_Oklahoma_UnitedStates
0.001954506,0.004158523,0.006861563,0.000415852,0.009730944,0.976878613,Bedford_Pennsylvania_UnitedStates
0.011679486,0.010540024,0.084320189,0.001729541,0.022097424,0.869633337,Bedford_Tennessee_UnitedStates
0.003511574,0.012132045,0.07137243,0.000278898,0.016277478,0.896427575,Bedford_Virginia_UnitedStates
0.00914775,0.006498907,0.088890258,0.000985616,0.012104599,0.882372871,Bee_Texas_UnitedStates
0.002927467,0.01210238,0.006639954,0.000196255,0.014506501,0.963627443,Belknap_NewHampshire_UnitedStates
0.002605052,0.003662174,0.025031147,0.000528561,0.017895571,0.950277495,Bell_Kentucky_UnitedStates
0.010647248,0.032062735,0.242607563,0.008517236,0.046229991,0.659935227,Bell_Texas_UnitedStates
0.001865755,0.005049383,0.042364474,0.000192498,0.016155065,0.934372825,Belmont_Ohio_UnitedStates
0.222616882,0.007510431,0.008280732,0.000534931,0.032288435,0.728768589,Beltrami_Minnesota_UnitedStates
0.085701888,0.003579952,0.004556303,0.000976351,0.039270992,0.865914515,Benewah_Idaho_UnitedStates
0.006360718,0.008500773,0.363452622,0.000535014,0.01325645,0.607894424,BenHill_Georgia_UnitedStates
0.602073136,0.00575871,0.005470775,0.000575871,0.052404261,0.333717247,Bennett_SouthDakota_UnitedStates
0.003462838,0.010838964,0.012302928,0.000478604,0.015962838,0.956953829,Bennington_Vermont_UnitedStates
0.558350101,0.002443231,0.003736706,0.000143719,0.019545847,0.415780397,Benson_NorthDakota_UnitedStates
0.034951791,0.014634986,0.077995868,0.001205234,0.01911157,0.852100551,Bent_Colorado_UnitedStates
0.018981437,0.040544908,0.020156758,0.007294337,0.026084785,0.886937774,Benton_Arkansas_UnitedStates
0.003120305,0.003235872,0.009707616,0.000577834,0.013752456,0.969605917,Benton_Indiana_UnitedStates
0.003082927,0.004253659,0.006829268,0.000585366,0.010263415,0.974985366,Benton_Iowa_UnitedStates
0.006763762,0.011700815,0.046408294,0.000296223,0.019896322,0.914934584,Benton_Minnesota_UnitedStates
0.004246027,0.00097052,0.352905496,0.000363945,0.013951231,0.627562781,Benton_Mississippi_UnitedStates
0.007721407,0.004353008,0.005233974,0.000621858,0.017878427,0.964191325,Benton_Missouri_UnitedStates
0.008437723,0.071244672,0.012072435,0.002628675,0.040090002,0.865526492,Benton_Oregon_UnitedStates
0.005601379,0.005724486,0.024806106,0.000184661,0.016619476,0.947063893,Benton_Tennessee_UnitedStates
0.012892104,0.03262522,0.017810479,0.002538676,0.032486114,0.901647407,Benton_Washington_UnitedStates
0.015145544,0.004391645,0.007037892,0.000337819,0.015652272,0.957434829,Benzie_Michigan_UnitedStates
0.004657939,0.167507847,0.072488036,0.000881203,0.021996835,0.732468139,Bergen_NewJersey_UnitedStates
0.006781745,0.026738161,0.244671809,0.001261405,0.028297963,0.692248917,Berkeley_SouthCarolina_UnitedStates
0.002422464,0.010807261,0.077706507,0.00041796,0.029769013,0.878876796,Berkeley_WestVirginia_UnitedStates
0.008705702,0.015927558,0.071995035,0.001719263,0.029684041,0.871968402,Berks_Pennsylvania_UnitedStates
0.003153271,0.016663887,0.03522609,0.000516279,0.024225383,0.92021509,Berkshire_Massachusetts_UnitedStates
0.062757915,0.028626883,0.035063138,0.001463053,0.030669553,0.841419457,Bernalillo_NewMexico_UnitedStates
0.003996678,0.011938129,0.109156026,0.000674764,0.012768608,0.861465795,Berrien_Georgia_UnitedStates
0.006495871,0.020677547,0.149144938,0.000910332,0.025703882,0.79706743,Berrien_Michigan_UnitedStates
0.006856485,0.008217314,0.612687114,0.001099131,0.011357689,0.359782267,Bertie_NorthCarolina_UnitedStates
0.839563093,0.009879796,0.009660245,0.002469949,0.037213898,0.101213019,Bethel_Alaska_UnitedStates
0.012186634,0.032073197,0.085520953,0.002264299,0.023839749,0.844115169,Bexar_Texas_UnitedStates
0.004336746,0.001967184,0.211919345,0.001162427,0.010908928,0.76970537,Bibb_Alabama_UnitedStates
0.00279262,0.02153653,0.555796812,0.001222998,0.015722386,0.402928654,Bibb_Georgia_UnitedStates
0.004346849,0.003297609,0.419096155,0,0.014839242,0.558420145,Bienville_Louisiana_UnitedStates
0.664347175,0.006210251,0.004339693,0.000224467,0.033670034,0.29120838,BigHorn_Montana_UnitedStates
0.014818557,0.004967584,0.007746064,0.000168393,0.014818557,0.957480845,BigHorn_Wyoming_UnitedStates
0.006613226,0.00240481,0.00501002,0,0.010621242,0.975350701,BigStone_Minnesota_UnitedStates
0.003267974,0.043572985,0.006535948,0,0.006535948,0.940087146,Billings_NorthDakota_UnitedStates
0.074400052,0.010058748,0.005939864,0.001625875,0.018491621,0.889483839,Bingham_Idaho_UnitedStates
0.002767528,0.005199597,0.007463938,0.000335458,0.01593425,0.968299228,Blackford_Indiana_UnitedStates
0.003879353,0.024460421,0.097401365,0.003795844,0.025007022,0.845455995,BlackHawk_Iowa_UnitedStates
0.030798468,0.00343881,0.342372779,0.000392145,0.016560586,0.606437212,Bladen_NorthCarolina_UnitedStates
0.017346625,0.012472004,0.006367748,0.00175662,0.015765667,0.946291335,Blaine_Idaho_UnitedStates
0.505019191,0.002657219,0.003690582,0.000147623,0.028638913,0.459846472,Blaine_Montana_UnitedStates
0.002083333,0,0.004166667,0,0.010416667,0.983333333,Blaine_Nebraska_UnitedStates
0.100803893,0.003596361,0.033848107,0.000634652,0.054474297,0.806642691,Blaine_Oklahoma_UnitedStates
0.001697918,0.006832486,0.019795434,0.000277544,0.014995551,0.956401068,Blair_Pennsylvania_UnitedStates
0.012791896,0.00987294,0.015281593,0.000944368,0.014852335,0.946256868,Blanco_Texas_UnitedStates
0.001745201,0.005711566,0.03855307,0.000158655,0.009836586,0.943994923,Bland_Virginia_UnitedStates
0.002183917,0.010217612,0.264721941,0.000155994,0.013103502,0.709617035,Bleckley_Georgia_UnitedStates
0.005912786,0.00268763,0.075925553,0.000335954,0.013303769,0.901834308,Bledsoe_Tennessee_UnitedStates
0.006595004,0.00313306,0.016149971,0.001142442,0.014003566,0.958975957,Blount_Alabama_UnitedStates
0.00414982,0.009205747,0.030480237,0.000951794,0.016797253,0.93841515,Blount_Tennessee_UnitedStates
0.003947876,0.024562914,0.04200184,0.000653032,0.021045445,0.907788893,BlueEarth_Minnesota_UnitedStates
0.012410189,0.009797518,0.005094709,0.003265839,0.02521228,0.944219464,Boise_Idaho_UnitedStates
0.001606942,0.009995179,0.642519685,0.000482083,0.007552627,0.337843484,Bolivar_Mississippi_UnitedStates
0.008040036,0.002297153,0.006071048,0.000246124,0.01247026,0.970875379,Bollinger_Missouri_UnitedStates
0.006731983,0.007874016,0.061128809,0.000240428,0.014846427,0.909178337,Bond_Illinois_UnitedStates
0.085094067,0.002460203,0.013748191,0.000434153,0.014182344,0.884081042,BonHomme_SouthDakota_UnitedStates
0.009215971,0.008075159,0.003109272,0.001453976,0.023353092,0.954792529,Bonner_Idaho_UnitedStates
0.01291608,0.010975233,0.007230944,0.001305348,0.022053519,0.945518876,Bonneville_Idaho_UnitedStates
0.008746824,0.005804467,0.004333289,0.001176943,0.019954527,0.959983951,Boone_Arkansas_UnitedStates
0.007610322,0.014304413,0.027916978,0.000953628,0.023354525,0.925860135,Boone_Illinois_UnitedStates
0.002749141,0.031032422,0.020245032,0.00046317,0.016300613,0.929209622,Boone_Indiana_UnitedStates
0.004750684,0.005244755,0.012047735,0.000266038,0.011477653,0.966213135,Boone_Iowa_UnitedStates
0.002198619,0.024707925,0.036231719,0.001827128,0.020431991,0.914602619,Boone_Kentucky_UnitedStates
0.004445412,0.04939099,0.097307621,0.000921474,0.031821558,0.816112945,Boone_Missouri_UnitedStates
0.003052853,0.003243656,0.004579279,0.000190803,0.007632131,0.981301278,Boone_Nebraska_UnitedStates
0.002004282,0.00145766,0.006741675,4.55519E-05,0.007743816,0.982007015,Boone_WestVirginia_UnitedStates
0.007727975,0.001545595,0.00927357,0,0.029366306,0.952086553,Borden_Texas_UnitedStates
0.00853508,0.005851092,0.021042461,0.000697837,0.015298728,0.948574803,Bosque_Texas_UnitedStates
0.006227268,0.018855001,0.229007573,0.001401332,0.024594165,0.71991466,Bossier_Louisiana_UnitedStates
0.002938355,0.008155433,0.032201967,0.000269849,0.014092108,0.942342288,Botetourt_Virginia_UnitedStates
0.031884964,0.005939356,0.007658643,0,0.022507033,0.932010003,Bottineau_NorthDakota_UnitedStates
0.008538794,0.049242844,0.011606846,0.000723888,0.027560098,0.90232753,Boulder_Colorado_UnitedStates
0.019557257,0.008488682,0.005575899,0.001248336,0.020139814,0.944990013,Boundary_Idaho_UnitedStates
0.008939623,0.011208912,0.031838812,0.000412598,0.025924907,0.921675148,Bourbon_Kansas_UnitedStates
0.004026645,0.004871744,0.06034997,0.000198847,0.019636111,0.910916683,Bourbon_Kentucky_UnitedStates
0.010524293,0.011997268,0.253447613,0.000928614,0.024069251,0.69903296,Bowie_Texas_UnitedStates
0.02575807,0.001956309,0.002934464,0.000978155,0.008151288,0.960221715,Bowman_NorthDakota_UnitedStates
0.047330662,0.006801453,0.009876083,0.000279512,0.024783378,0.910928911,BoxButte_Nebraska_UnitedStates
0.011383091,0.008250464,0.005391032,0.001966998,0.01879576,0.954212654,BoxElder_Utah_UnitedStates
0.003235219,0.005540049,0.029455299,0.000317178,0.014843948,0.946608306,Boyd_Kentucky_UnitedStates
0.014871795,0.013333333,0.001025641,0.001025641,0.004615385,0.965128205,Boyd_Nebraska_UnitedStates
0.002925337,0.009906256,0.080546506,0.000299182,0.022904062,0.883418656,Boyle_Kentucky_UnitedStates
0.003261657,0.001087219,0.007610534,0.000241604,0.014737859,0.973061126,Bracken_Kentucky_UnitedStates
0.005044681,0.005837417,0.200670222,0.000540502,0.02053906,0.767368118,Bradford_Florida_UnitedStates
0.00294437,0.006546699,0.007846169,0.000197388,0.012418989,0.970046386,Bradford_Pennsylvania_UnitedStates
0.014670603,0.004521129,0.276434767,0.00046134,0.016239159,0.687673002,Bradley_Arkansas_UnitedStates
0.006165343,0.011957029,0.051882298,0.001214386,0.020018683,0.908762261,Bradley_Tennessee_UnitedStates
0.005210485,0.007069733,0.022976633,0.000275444,0.018707249,0.945760455,Branch_Michigan_UnitedStates
0.00500395,0.002897024,0.03829339,0.000158019,0.018540953,0.935106663,Brantley_Georgia_UnitedStates
0.004475703,0.002344416,0.006891162,0.000284172,0.011864166,0.974140381,Braxton_WestVirginia_UnitedStates
0.008425344,0.068823244,0.14669804,0.000970487,0.020654021,0.754428863,Brazoria_Texas_UnitedStates
0.006674609,0.062675779,0.110824206,0.00124014,0.020559746,0.79802552,Brazos_Texas_UnitedStates
0.001798702,0.005865332,0.006256354,0.001173066,0.011965277,0.972941268,Breathitt_Kentucky_UnitedStates
0.004923925,0.003495987,0.021025161,9.84785E-05,0.015411886,0.955044562,Breckinridge_Kentucky_UnitedStates
0.001724069,0.010905738,0.012108576,0.000200473,0.010985927,0.964075218,Bremer_Iowa_UnitedStates
0.004623633,0.025581188,0.107680909,0.001290316,0.027965249,0.832858705,Brevard_Florida_UnitedStates
0.017040552,0.016069888,0.016285591,0.001833477,0.023080242,0.92569025,Brewster_Texas_UnitedStates
0.007275132,0.002645503,0.035714286,0,0.022486772,0.931878307,Briscoe_Texas_UnitedStates
0.006245435,0.024301001,0.057708672,0.00123916,0.023113251,0.887392482,Bristol_Massachusetts_UnitedStates
0.002919588,0.023171659,0.014700742,0.00043177,0.019018443,0.939757798,Bristol_RhodeIsland_UnitedStates
0.004914594,0.009169913,0.061552292,0.000479473,0.022774948,0.90110878,Bristol_Virginia_UnitedStates
0.330681818,0.015909091,0.010227273,0.003409091,0.188636364,0.451136364,BristolBay_Alaska_UnitedStates
0.016304348,0.002964427,0.005434783,0.001317523,0.017457181,0.956521739,Broadwater_Montana_UnitedStates
0.02895285,0.044998663,0.435847822,0.004251138,0.036983088,0.448966438,Bronx_NewYork_UnitedStates
0.001717204,0.00528718,0.014053956,0.000225948,0.014460662,0.96425505,Brooke_WestVirginia_UnitedStates
0.01214471,0.029021866,0.015394703,0.000826753,0.016449525,0.926162443,Brookings_SouthDakota_UnitedStates
0.004005427,0.009496738,0.351314684,0.002131921,0.016732347,0.616318884,Brooks_Georgia_UnitedStates
0.006620651,0.011269193,0.010001409,0.000422595,0.005071137,0.966615016,Brooks_Texas_UnitedStates
0.002693761,0.043725414,0.062451478,0.000651296,0.029923147,0.860554904,Broome_NewYork_UnitedStates
0.007977035,0.067249437,0.015160695,0.001226127,0.028157637,0.880229069,Broomfield_Colorado_UnitedStates
0.003981282,0.038225545,0.300158727,0.001189554,0.022722286,0.633722606,Broward_Florida_UnitedStates
0.012951394,0.003352126,0.188328508,0.000304739,0.008837422,0.786225811,Brown_Illinois_UnitedStates
0.006500328,0.004464872,0.006959947,0.00019698,0.013722915,0.968154957,Brown_Indiana_UnitedStates
0.095317378,0.005098855,0.014255983,0.00062435,0.030385016,0.854318418,Brown_Kansas_UnitedStates
0.002825871,0.00839801,0.005532338,0.000278607,0.007761194,0.97520398,Brown_Minnesota_UnitedStates
0.009100101,0.001685204,0.005055612,0.000674082,0.009774183,0.973710819,Brown_Nebraska_UnitedStates
0.003236172,0.002960753,0.009593757,0.000252467,0.012233188,0.971723663,Brown_Ohio_UnitedStates
0.03502363,0.028637118,0.024013284,0.002375782,0.021049943,0.888900243,Brown_SouthDakota_UnitedStates
0.008461132,0.008064516,0.039952406,0.000793231,0.017874141,0.924854574,Brown_Texas_UnitedStates
0.033306101,0.033678491,0.030174985,0.000835977,0.023137575,0.878866871,Brown_Wisconsin_UnitedStates
0.099043977,0.004206501,0.005736138,0.000382409,0.034034417,0.856596558,Brule_SouthDakota_UnitedStates
0.008357686,0.007539451,0.102761543,0.001000877,0.017292519,0.863047925,Brunswick_NorthCarolina_UnitedStates
0.003366797,0.008386386,0.551848678,0.000612145,0.013099902,0.422686092,Brunswick_Virginia_UnitedStates
0.005570299,0.02178197,0.147901942,0.001497675,0.032002943,0.791245172,Bryan_Georgia_UnitedStates
0.148206226,0.005679049,0.019135005,0.000550953,0.076688352,0.749740417,Bryan_Oklahoma_UnitedStates
0.002644253,0.005855133,0.005713476,0.000141656,0.010860327,0.974785154,Buchanan_Iowa_UnitedStates
0.007213911,0.015380602,0.059401336,0.004162744,0.02750587,0.886335538,Buchanan_Missouri_UnitedStates
0.001403903,0.004398896,0.032055782,0.00014039,0.006738734,0.955262296,Buchanan_Virginia_UnitedStates
0.004165933,0.004400634,0.338731444,0.000352051,0.019773514,0.632576424,Buckingham_Virginia_UnitedStates
0.002808166,0.05095793,0.04391442,0.000581384,0.017701159,0.884036941,Bucks_Pennsylvania_UnitedStates
0.006304852,0.0981035,0.034954101,0.016846565,0.014223747,0.829567235,BuenaVista_Iowa_UnitedStates
0.011549122,0.007083462,0.054357869,0.004465661,0.022020326,0.90052356,BuenaVista_Virginia_UnitedStates
0.006058518,0.015359053,0.012400713,0.00101313,0.014508024,0.950660561,Buffalo_Nebraska_UnitedStates
0.807104095,0.00049334,0.007893439,0.00098668,0.025160335,0.158362111,Buffalo_SouthDakota_UnitedStates
0.003888974,0.004651517,0.00556657,7.62544E-05,0.011590666,0.974226018,Buffalo_Wisconsin_UnitedStates
0.003789702,0.006073399,0.01283808,0.000654248,0.016232764,0.960411806,Bullitt_Kentucky_UnitedStates
0.004518267,0.01299811,0.296276637,0.001061599,0.01940654,0.665738847,Bulloch_Georgia_UnitedStates
0.00805976,0.001769216,0.704540987,0.007470022,0.01218793,0.265972086,Bullock_Alabama_UnitedStates
0.005137719,0.013989871,0.062952492,0.001542859,0.021445736,0.894931324,Buncombe_NorthCarolina_UnitedStates
0.004702813,0.010255166,0.009982099,0.000455111,0.01380503,0.960799782,Bureau_Illinois_UnitedStates
0.0042337,0.005436962,0.474530951,0.001158697,0.015330451,0.499309238,Burke_Georgia_UnitedStates
0.009169847,0.036513467,0.069487307,0.006669985,0.017720259,0.860439135,Burke_NorthCarolina_UnitedStates
0.011461318,0.005730659,0.005730659,0.000477555,0.015281757,0.961318052,Burke_NorthDakota_UnitedStates
0.042151224,0.008627566,0.023678576,0.000682228,0.018273227,0.906587178,Burleigh_NorthDakota_UnitedStates
0.010799018,0.004035997,0.128442869,0.000381783,0.017834742,0.83850559,Burleson_Texas_UnitedStates
0.003354731,0.053066364,0.181362354,0.000849925,0.029479814,0.731886812,Burlington_NewJersey_UnitedStates
0.011807198,0.008997972,0.020805171,0.00084488,0.015165596,0.942379182,Burnet_Texas_UnitedStates
0.047092494,0.004488097,0.007805386,0.000715494,0.02439183,0.9155067,Burnett_Wisconsin_UnitedStates
0.0226642,0.003854456,0.006167129,0.000925069,0.015880358,0.950508788,Burt_Nebraska_UnitedStates
0.003718608,0.013753757,0.448168713,0.000509398,0.011003005,0.522846518,Butler_Alabama_UnitedStates
0.001858864,0.007986231,0.003098107,0.00020654,0.008468158,0.9783821,Butler_Iowa_UnitedStates
0.010832972,0.013436476,0.021531279,0.001017461,0.024763216,0.928418596,Butler_Kansas_UnitedStates
0.004237621,0.003452876,0.006277957,0,0.012869811,0.973161736,Butler_Kentucky_UnitedStates
0.007349661,0.008547209,0.056003006,0.00035222,0.025571184,0.902176721,Butler_Missouri_UnitedStates
0.004600274,0.0050976,0.005843591,0.000124332,0.008081562,0.976252642,Butler_Nebraska_UnitedStates
0.002753927,0.036575916,0.089455497,0.001164921,0.024311518,0.84573822,Butler_Ohio_UnitedStates
0.001518882,0.014581268,0.013339515,0.000346412,0.011319669,0.958894254,Butler_Pennsylvania_UnitedStates
0.024902426,0.048597936,0.017860632,0.002869683,0.045133477,0.860635845,Butte_California_UnitedStates
0.013142636,0.003092385,0.004638578,0.001932741,0.022033243,0.955160417,Butte_Idaho_UnitedStates
0.02448064,0.004486492,0.006242075,0.001170389,0.026333756,0.937286648,Butte_SouthDakota_UnitedStates
0.003761574,0.006531085,0.286375661,0.000289352,0.01521164,0.687830688,Butts_Georgia_UnitedStates
0.007032236,0.043696272,0.190347689,0.000973549,0.023809411,0.734140843,Cabarrus_NorthCarolina_UnitedStates
0.002224969,0.012726393,0.048820336,0.000268716,0.023270812,0.912688773,Cabell_WestVirginia_UnitedStates
0.010577532,0.023560127,0.010561709,0.004841772,0.020031646,0.930427215,Cache_Utah_UnitedStates
0.004974612,0.012597135,0.497572406,0.000617708,0.01622926,0.468008879,Caddo_Louisiana_UnitedStates
0.255787516,0.00478848,0.028627532,0.000964586,0.062801433,0.647030453,Caddo_Oklahoma_UnitedStates
0.019475688,0.01792201,0.009912906,0.002472756,0.03811983,0.912096809,Calaveras_California_UnitedStates
0.005792979,0.013392264,0.256766268,0.00059554,0.020430462,0.703022488,Calcasieu_Louisiana_UnitedStates
0.003145643,0.004246618,0.054340988,0.000471846,0.015413652,0.922381252,Caldwell_Kentucky_UnitedStates
0.004014452,0.003412284,0.159373745,0.000301084,0.012946608,0.819951827,Caldwell_Louisiana_UnitedStates
0.007275934,0.003197001,0.006504244,0.000440966,0.020504906,0.962076949,Caldwell_Missouri_UnitedStates
0.006278497,0.007314754,0.050800966,0.000914344,0.017933338,0.916758101,Caldwell_NorthCarolina_UnitedStates
0.015384259,0.009823683,0.064989226,0.00099627,0.018349899,0.890456662,Caldwell_Texas_UnitedStates
0.005093266,0.009458923,0.008599021,0.000165366,0.015114433,0.961568991,Caledonia_Vermont_UnitedStates
0.005265414,0.009358792,0.212182173,0.001049584,0.0198109,0.752333138,Calhoun_Alabama_UnitedStates
0.00707863,0.002869715,0.212932849,0.000191314,0.019705376,0.757222116,Calhoun_Arkansas_UnitedStates
0.013133466,0.008526439,0.131953517,0.001375232,0.02358523,0.821426116,Calhoun_Florida_UnitedStates
0.004722178,0.008499921,0.608688808,0.003305525,0.012120258,0.362663309,Calhoun_Georgia_UnitedStates
0.002692069,0.002692069,0.004348726,0.000207082,0.00559122,0.984468834,Calhoun_Illinois_UnitedStates
0.004324992,0.00308928,0.02347853,0,0.010297601,0.958809597,Calhoun_Iowa_UnitedStates
0.007735977,0.029063999,0.112220158,0.000447598,0.034800707,0.815731561,Calhoun_Michigan_UnitedStates
0.003533814,0.0014551,0.285268847,0.000207871,0.01184867,0.697685698,Calhoun_Mississippi_UnitedStates
0.005287372,0.003227357,0.406715649,0.00096134,0.011810753,0.571997528,Calhoun_SouthCarolina_UnitedStates
0.008324033,0.054129464,0.031296503,0.000511533,0.013764881,0.891973586,Calhoun_Texas_UnitedStates
0.003602605,0.001662741,0.003464043,0.000415685,0.009976445,0.980878481,Calhoun_WestVirginia_UnitedStates
0.007934239,0.006933524,0.016440315,0.001000715,0.018370264,0.949320944,Callahan_Texas_UnitedStates
0.00565022,0.007785737,0.045001557,0.000556124,0.022823331,0.918183032,Callaway_Missouri_UnitedStates
0.003182425,0.017965301,0.040858228,0.000538959,0.017323683,0.920131403,Calloway_Kentucky_UnitedStates
0.00524615,0.023916859,0.008138514,0.000558525,0.014701189,0.947438762,Calumet_Wisconsin_UnitedStates
0.004648889,0.018226253,0.130853202,0.001042742,0.030891218,0.814337696,Calvert_Maryland_UnitedStates
0.014272971,0.004460303,0.005352364,0,0.034790366,0.941123996,Camas_Idaho_UnitedStates
0.001453035,0.005264399,0.036691036,0.000532526,0.016196396,0.939862608,Cambria_Pennsylvania_UnitedStates
0.006505005,0.01481799,0.190807254,0.002143483,0.032804608,0.75292166,Camden_Georgia_UnitedStates
0.006642999,0.006425195,0.007492431,0.000588069,0.014244332,0.964606974,Camden_Missouri_UnitedStates
0.006333526,0.059419022,0.214800742,0.001092123,0.025298557,0.69305603,Camden_NewJersey_UnitedStates
0.005526414,0.020981641,0.118771075,0.00093668,0.026976396,0.826807793,Camden_NorthCarolina_UnitedStates
0.007699986,0.002994439,0.041351775,0.000570369,0.015542564,0.931840867,Cameron_Louisiana_UnitedStates
0.004221284,0.003999111,0.011108643,0.000666519,0.013774717,0.966229727,Cameron_Pennsylvania_UnitedStates
0.006573664,0.007876553,0.008139499,0.000734355,0.005611896,0.971064033,Cameron_Texas_UnitedStates
0.009550951,0.009704999,0.166910575,0.001694524,0.026496187,0.785642764,Camp_Texas_UnitedStates
0.00200077,0.010485321,0.029433793,0.000449371,0.016423436,0.94120731,Campbell_Kentucky_UnitedStates
0.010248902,0.005124451,0.002928258,0,0.008784773,0.972913616,Campbell_SouthDakota_UnitedStates
0.003392386,0.003643674,0.005352431,0.000804121,0.012338233,0.974469154,Campbell_Tennessee_UnitedStates
0.003609192,0.010863848,0.145401455,0.000634782,0.020439995,0.819050728,Campbell_Virginia_UnitedStates
0.015378302,0.007689151,0.006393227,0.000777555,0.020561999,0.949199767,Campbell_Wyoming_UnitedStates
0.051936632,0.031780981,0.033844322,0.001073214,0.04621744,0.835147411,Canadian_Oklahoma_UnitedStates
0.002955574,0.012007019,0.245959176,0.00166251,0.013577168,0.723838552,Candler_Georgia_UnitedStates
0.003462604,0.003601108,0.017520776,0.000900277,0.015858726,0.95865651,Cannon_Tennessee_UnitedStates
0.017434464,0.010325396,0.008260316,0.003332796,0.027150639,0.933496389,Canyon_Idaho_UnitedStates
0.003636919,0.018655103,0.077850403,0.000457794,0.022139424,0.877260358,CapeGirardeau_Missouri_UnitedStates
0.003483114,0.010168098,0.048460723,0.000811284,0.019286935,0.917789845,CapeMay_NewJersey_UnitedStates
0.012627444,0.003086708,0.006266954,0.000654756,0.015246469,0.962117669,Carbon_Montana_UnitedStates
0.003490456,0.005858979,0.022641215,0.000903779,0.012278925,0.954826646,Carbon_Pennsylvania_UnitedStates
0.014876687,0.006622844,0.006672268,0.002520635,0.019423714,0.949883853,Carbon_Utah_UnitedStates
0.016398952,0.010081323,0.013374555,0.001075341,0.019221722,0.939848108,Carbon_Wyoming_UnitedStates
0.006821089,0.004405286,0.00142106,0.002415802,0.012647435,0.972289328,Caribou_Idaho_UnitedStates
0.006541464,0.00295421,0.015404094,0,0.020890483,0.954209749,Carlisle_Kentucky_UnitedStates
0.059851488,0.005443582,0.016944894,0.000195411,0.02562671,0.891937915,Carlton_Minnesota_UnitedStates
0.008466943,0.011739626,0.142616946,0.003152585,0.024590164,0.809433736,Caroline_Maryland_UnitedStates
